0.100774 0.115519 0.120283 0.135084 0.129653 0.134341 0.150864 0.147282 0.114449 0.112978 0.119085 0.135504 0.132769 0.139449 0.142607 0.141098 0.122076 0.122132 0.128472 0.130689 0.131893 0.125327 0.132048 0.134402 0.106988 0.108831 0.117299 0.120186 0.124310 0.120185 0.129616 0.134239 0.136651 0.123639 0.117795 0.125563 0.130547 0.130742 0.129793 0.122860 0.126088 0.115151 0.111683 0.119967 0.129961 0.132204 0.118273 0.111545 0.127622 0.116684 0.116263 0.127891 0.126677 0.115304 0.120327 0.117681 0.134054 0.126596 0.111737 0.124755 0.127544 0.118992 0.109661 0.109945 
0.139899 0.017868 -0.113870 -0.218404 0.018472 -0.080921 -0.003385 -0.099263 0.237119 0.099826 -0.004748 -0.097634 0.008100 -0.052742 0.032541 -0.152440 0.300018 0.193854 0.071971 0.006193 0.010108 -0.035647 -0.062625 -0.074819 0.237207 0.159754 0.073621 0.016499 0.015284 -0.138733 -0.118436 -0.138461 0.159371 0.073789 0.025109 -0.015591 0.030716 -0.093604 -0.190129 -0.145630 0.220121 0.173030 0.117263 0.122044 0.068978 -0.171646 -0.089130 -0.151237 0.108165 0.216410 0.057315 0.194445 0.061023 -0.137756 -0.154349 -0.202193 -0.078502 0.014024 -0.119556 0.059526 0.096549 -0.108478 -0.076244 -0.083378 
-0.022435 -0.104307 -0.231435 -0.115093 -0.055124 -0.000853 0.005813 -0.199360 0.006652 -0.067851 -0.175620 -0.064113 0.022697 0.065927 -0.192360 -0.121397 0.027976 -0.039699 -0.147452 -0.000689 -0.186602 -0.131225 -0.109220 -0.013030 0.037037 -0.028638 -0.123470 0.031292 -0.137828 -0.073899 -0.042471 -0.232149 0.000361 -0.023212 -0.098239 0.069702 -0.096044 -0.005490 0.034754 -0.142377 0.224670 0.210159 0.150994 0.037501 0.180165 -0.021382 0.043330 -0.134192 0.150831 0.144682 0.088883 0.007454 0.150461 0.245979 0.023513 0.146855 0.070786 0.072750 0.031191 0.242367 0.107879 0.218887 0.273328 0.131783 
0.119856 0.105729 0.119434 0.128444 0.129783 0.143941 0.135868 0.118540 0.112575 0.118565 0.131031 0.120894 0.125437 0.139566 0.132247 0.134013 0.105810 0.110283 0.123617 0.132784 0.139825 0.134699 0.129130 0.129745 0.118628 0.103736 0.117255 0.126961 0.133615 0.129626 0.124190 0.126237 0.128627 0.114966 0.127879 0.137826 0.109380 0.143354 0.137201 0.121177 0.121224 0.108068 0.123237 0.132199 0.122276 0.136878 0.134050 0.116621 0.114463 0.120276 0.114906 0.124720 0.116396 0.131978 0.128148 0.112612 0.127073 0.114818 0.127535 0.137079 0.111096 0.127201 0.123955 0.127099 
-0.406653 -0.265108 -0.075231 -0.166136 -0.009056 0.105733 0.000156 -0.135630 -0.221955 -0.048476 -0.108310 0.034961 -0.037820 0.086463 -0.017388 -0.157488 -0.004459 -0.079829 0.108322 0.016554 -0.047596 0.090497 -0.032342 -0.153458 -0.084144 -0.164692 0.055393 0.212473 -0.109156 0.015127 -0.058519 -0.197760 -0.147431 0.026911 -0.004442 0.157817 0.104887 -0.017955 0.133947 0.014558 0.001882 -0.054500 -0.094484 0.072090 0.007075 0.151209 0.063753 0.194078 -0.068309 -0.129007 0.086763 -0.003282 0.196089 0.083604 0.241547 0.130794 0.062878 0.000455 -0.017091 0.141715 0.087056 0.223422 0.146330 0.026940 
0.093611 -0.036972 -0.174825 -0.157734 -0.142324 -0.096803 -0.184902 -0.341847 0.158224 -0.022596 -0.148947 -0.128981 -0.096319 -0.059424 -0.094411 -0.239855 0.234338 0.050643 -0.117319 -0.103104 -0.000078 0.054069 0.027707 -0.134988 0.284575 0.067894 -0.091441 -0.012613 0.048802 0.161811 0.082338 -0.027246 0.234338 0.070770 -0.038330 -0.036972 0.071804 0.204940 0.134093 -0.067338 0.189852 0.085146 -0.068439 -0.067082 0.064697 0.192082 0.132736 -0.068695 0.153991 0.037785 -0.045437 -0.044080 0.043213 0.143364 0.084017 -0.114538 0.092254 -0.003826 -0.084173 -0.074190 -0.025632 0.077393 0.026673 -0.166132 
0.110283 0.114886 0.118977 0.127879 0.127645 0.126025 0.133193 0.131960 0.113589 0.117713 0.120703 0.128216 0.127502 0.125306 0.130655 0.136853 0.111288 0.122874 0.124251 0.130598 0.128143 0.124622 0.129268 0.133295 0.114068 0.117808 0.117892 0.122786 0.126309 0.123107 0.125884 0.128713 0.110218 0.112856 0.122029 0.123683 0.127174 0.120747 0.122198 0.124388 0.111993 0.114279 0.121250 0.122424 0.124398 0.125337 0.125399 0.126885 0.122670 0.123823 0.130058 0.130976 0.130491 0.129689 0.128554 0.128555 0.131044 0.130808 0.136165 0.135886 0.133628 0.131949 0.128944 0.128132 
0.130365 0.120266 0.123668 0.126514 0.123666 0.126474 0.131607 0.139897 0.129010 0.118460 0.122140 0.125541 0.123075 0.126578 0.131259 0.139307 0.127135 0.116689 0.121097 0.124880 0.123005 0.125466 0.130459 0.139375 0.125224 0.116028 0.120125 0.123803 0.122310 0.125743 0.130459 0.139861 0.113700 0.125503 0.119291 0.123456 0.121128 0.124492 0.130111 0.138888 0.112103 0.123523 0.117485 0.121823 0.120086 0.124388 0.129729 0.139026 0.110644 0.121926 0.116130 0.120330 0.119461 0.122964 0.129277 0.139338 0.108352 0.120155 0.114186 0.118802 0.118350 0.122859 0.129415 0.139511 
0.141729 0.145747 0.145931 0.148325 0.114930 0.111326 0.126874 0.127251 0.135971 0.143745 0.144450 0.124472 0.120094 0.118493 0.108856 0.132756 0.145068 0.153710 0.134862 0.142939 0.141999 0.140450 0.134483 0.132682 0.119758 0.130697 0.139624 0.125617 0.126740 0.126134 0.122157 0.121489 0.116072 0.111057 0.099372 0.116034 0.118126 0.119289 0.116185 0.118116 0.106932 0.104472 0.096845 0.114795 0.119493 0.122023 0.121765 0.099396 0.125064 0.121028 0.119449 0.114233 0.102019 0.105833 0.107293 0.111332 0.148184 0.149468 0.123667 0.122851 0.115843 0.121551 0.126240 0.106371 
-0.062806 -0.101441 -0.125121 0.147769 0.153604 0.148563 0.151678 0.225099 -0.114075 -0.144553 -0.032666 0.125052 0.139045 0.138082 0.152075 0.230934 -0.150388 -0.169989 -0.169196 -0.001960 0.154398 0.036904 0.164709 0.253086 -0.211175 -0.218539 -0.205509 -0.040993 0.019228 0.030501 0.043135 0.128792 -0.156789 -0.150557 -0.125290 -0.058271 -0.003490 -0.101949 0.023138 0.116952 -0.002188 -0.111128 -0.084501 -0.005245 -0.054759 -0.143700 -0.133787 0.079280 0.161931 0.051631 -0.032835 0.046421 0.021381 -0.068920 -0.159223 0.048404 0.187764 0.082903 0.005235 0.092649 0.066249 -0.137866 -0.114355 -0.019181 
0.129914 0.131959 0.133940 0.133107 0.147933 0.145959 0.140966 0.135877 0.142924 0.130484 0.133025 0.132073 0.133471 0.133929 0.130047 0.127370 0.146184 0.148942 0.137574 0.138820 0.124444 0.126500 0.125605 0.125798 0.142329 0.146265 0.135814 0.136807 0.124541 0.127088 0.129894 0.131143 0.154768 0.141834 0.131852 0.134523 0.139478 0.127881 0.131869 0.136963 0.125780 0.128920 0.120776 0.107717 0.113772 0.119442 0.126429 0.115722 0.109256 0.097842 0.105557 0.094486 0.100663 0.106886 0.099031 0.108856 0.104691 0.093899 0.087021 0.091234 0.082008 0.089697 0.084528 0.092495 
0.134451 0.153518 0.130647 0.123484 0.119373 0.124856 0.138853 0.144992 0.139753 0.146568 0.137979 0.118461 0.117228 0.123444 0.137530 0.146180 0.131865 0.151363 0.130742 0.114320 0.113008 0.119654 0.136250 0.145267 0.124645 0.146285 0.125876 0.109037 0.109165 0.117972 0.135166 0.145183 0.132538 0.139908 0.133119 0.117900 0.106844 0.116682 0.123139 0.120696 0.128713 0.136274 0.129694 0.113984 0.104309 0.102351 0.120788 0.121242 0.125705 0.132063 0.125091 0.111295 0.100703 0.098317 0.106150 0.119031 0.122422 0.130097 0.122931 0.108501 0.098114 0.096722 0.104897 0.105173 
0.214108 0.072979 -0.053383 -0.196784 -0.328825 -0.264082 -0.172079 -0.254144 0.060485 0.096832 -0.020444 -0.142263 -0.244773 -0.160720 -0.055087 0.052819 0.094560 -0.019308 -0.107052 -0.051396 -0.111879 -0.024419 0.106203 0.059349 0.122956 0.037484 -0.043445 -0.141411 -0.175771 -0.069002 0.084337 0.042028 0.182020 0.115857 0.079227 0.197355 -0.028111 0.109326 0.118130 0.273741 0.104499 0.053102 0.038053 0.172082 -0.011356 0.128353 0.153056 0.155044 0.059917 0.030102 0.030953 0.011361 -0.135733 0.028965 0.061621 0.077239 0.008521 -0.019024 0.005681 -0.008233 -0.118978 -0.130621 -0.065025 -0.052815 
0.121593 0.112604 0.129199 0.122227 0.133559 0.126026 0.137855 0.149507 0.114718 0.106737 0.124804 0.117084 0.130301 0.122510 0.136122 0.147257 0.108462 0.100946 0.118627 0.112327 0.125520 0.119380 0.131675 0.144103 0.103963 0.121546 0.113766 0.108759 0.122262 0.115219 0.128624 0.142189 0.122599 0.115989 0.108184 0.128480 0.117116 0.138144 0.127098 0.141128 0.118334 0.112086 0.131446 0.125095 0.140043 0.135817 0.126012 0.139577 0.113966 0.107950 0.126175 0.121709 0.137485 0.133955 0.123737 0.137974 0.111536 0.104047 0.123693 0.119124 0.135882 0.131552 0.123116 0.137715 
0.122182 0.126271 0.135008 0.122851 0.135359 0.130516 0.125448 0.134200 0.118020 0.122882 0.130455 0.119527 0.133276 0.128577 0.124890 0.133484 0.114230 0.118450 0.127517 0.116090 0.131604 0.126120 0.122609 0.132189 0.110753 0.116416 0.124877 0.135120 0.127820 0.125377 0.122168 0.131876 0.104982 0.110884 0.120950 0.130167 0.123692 0.121924 0.121280 0.132340 0.122622 0.128174 0.118181 0.127972 0.122626 0.120786 0.139872 0.131702 0.119154 0.125171 0.115357 0.124935 0.120869 0.118328 0.138091 0.131325 0.117434 0.123389 0.114497 0.125030 0.119201 0.117968 0.139358 0.132040 
-0.118810 -0.112890 -0.172723 -0.067477 -0.122679 -0.008856 0.086574 0.140564 -0.018852 -0.132624 -0.188510 -0.086553 -0.139782 -0.019381 0.075392 0.138591 -0.042532 -0.162882 -0.219426 -0.101682 -0.156884 -0.031221 0.064867 0.249731 -0.068186 -0.181300 -0.113548 -0.118784 -0.162146 -0.042403 0.063552 0.252362 0.025194 0.029141 -0.019510 -0.020142 -0.172013 -0.041088 0.064867 0.256967 0.009407 0.024536 -0.024114 -0.025404 -0.058242 -0.043061 0.185217 0.260256 0.000856 0.008092 -0.031350 -0.023431 -0.061531 0.076631 0.180612 0.258282 0.110023 0.006118 -0.033323 -0.022773 -0.055611 0.079262 0.189164 0.262229 
0.020794 0.089964 -0.026908 -0.090122 0.014187 -0.018578 -0.008174 -0.103978 0.040258 0.105520 -0.007835 -0.071848 0.034999 0.013230 0.015599 -0.083849 0.033293 0.109612 0.219157 0.165659 0.041509 0.023145 0.005675 -0.091531 0.037572 0.119177 0.227468 0.170124 0.043132 0.009397 0.007520 -0.103312 0.023766 0.083738 0.200951 0.132379 0.005179 -0.023227 -0.030923 -0.162452 0.011588 0.078718 0.176548 0.104929 -0.037376 -0.072162 -0.090677 -0.217600 0.192015 0.036362 0.114463 0.038665 -0.106267 -0.142719 -0.180981 -0.324286 0.174873 -0.003389 0.075808 -0.012034 -0.174511 -0.002456 -0.263016 -0.416820 
0.106747 0.113330 0.104112 0.118401 0.118972 0.125519 0.138810 0.132387 0.115239 0.103748 0.117317 0.132062 0.133552 0.122470 0.139674 0.134445 0.106984 0.117398 0.112355 0.129180 0.115891 0.126029 0.126013 0.122961 0.119756 0.111085 0.128658 0.127087 0.117896 0.129763 0.131167 0.130447 0.113871 0.129273 0.129444 0.131220 0.141316 0.137861 0.142896 0.144303 0.113213 0.111246 0.114256 0.137433 0.130354 0.128542 0.134988 0.137866 0.118570 0.117688 0.123439 0.128745 0.125791 0.125044 0.133867 0.137400 0.122110 0.104294 0.111991 0.138703 0.117950 0.118158 0.128222 0.133132 
0.117916 0.120488 0.122165 0.123593 0.126121 0.127293 0.130341 0.124198 0.117580 0.119311 0.124878 0.125151 0.125953 0.131207 0.127578 0.125000 0.116588 0.121406 0.121153 0.124605 0.124142 0.128057 0.127116 0.124465 0.119448 0.120626 0.122342 0.124769 0.122893 0.127067 0.124990 0.121554 0.119703 0.122573 0.127522 0.128739 0.126171 0.128239 0.126735 0.127344 0.116976 0.119993 0.123973 0.128700 0.125550 0.127821 0.129043 0.124461 0.117214 0.123649 0.127740 0.131239 0.127489 0.128227 0.128756 0.127980 0.119520 0.125097 0.127904 0.130036 0.129852 0.129621 0.129918 0.128468 
-0.005145 -0.060246 -0.149601 -0.232998 0.194271 0.107895 -0.005287 -0.064856 0.021662 -0.033440 -0.127262 -0.224063 0.191293 0.104917 -0.020179 -0.081238 0.058892 -0.021526 -0.095988 -0.219595 0.212142 0.091514 -0.023157 -0.103576 0.084210 -0.011102 -0.090031 -0.207681 0.215120 0.085557 -0.039539 -0.115490 0.090166 0.014215 -0.097477 -0.185342 0.219588 0.100449 -0.029114 -0.088684 0.096123 0.038043 -0.070671 -0.171939 0.230013 0.112363 -0.018690 -0.093152 0.112505 0.038043 -0.037908 -0.163004 0.241927 0.112363 -0.003797 -0.094641 0.134844 0.038043 -0.043865 -0.160025 0.244905 0.110874 -0.000819 -0.099109 
-0.204754 -0.111209 -0.003455 0.068184 0.012512 0.064021 0.010123 0.053343 -0.185788 -0.081586 0.029721 0.106689 0.064632 0.013696 0.088887 0.022556 -0.186951 -0.079788 0.040991 0.131576 0.099584 0.056343 0.135679 0.087703 -0.179233 -0.065558 0.062326 0.048096 0.140457 0.107281 0.091866 0.158177 0.139376 0.039278 -0.041876 -0.046041 0.047504 0.139865 0.024964 -0.002289 0.147094 0.052916 -0.136605 -0.130705 -0.020583 0.085988 -0.021809 -0.040773 0.259035 0.053528 -0.011047 -0.108778 -0.094590 -0.098163 -0.082791 -0.201834 0.385776 0.196848 -0.092159 -0.188706 -0.154388 -0.153817 -0.235560 -0.246238 
0.357659 0.165579 -0.043803 -0.073871 0.032906 0.025041 -0.165101 -0.012527 0.165762 0.000422 -0.179074 -0.180830 -0.033157 0.007739 -0.166674 0.000056 0.225350 0.107198 -0.009381 0.021895 -0.063043 -0.020574 -0.141507 0.048817 0.358865 -0.012344 -0.111621 -0.025293 -0.061470 0.018749 -0.114767 0.102296 0.204719 0.165213 -0.132069 -0.004845 -0.028439 0.080093 -0.003090 -0.068970 0.148094 0.121171 -0.138361 0.017176 0.042343 -0.133642 -0.207387 0.023833 0.094614 0.103869 -0.130496 0.064364 0.105260 -0.050277 -0.100428 -0.155297 0.058437 0.096005 -0.114767 0.120989 -0.105330 -0.256147 -0.013917 -0.059349 
0.102650 0.112549 0.131126 0.121735 0.129610 0.126442 0.122448 0.134336 0.103229 0.129086 0.130534 0.120237 0.140441 0.136472 0.129785 0.140277 0.119651 0.129295 0.129011 0.117625 0.133921 0.128562 0.135499 0.143029 0.120926 0.128563 0.127517 0.113342 0.126817 0.120267 0.124829 0.131217 0.121444 0.127339 0.122399 0.121986 0.121244 0.124272 0.126470 0.131212 0.118933 0.123965 0.117658 0.114997 0.126148 0.129494 0.129591 0.133647 0.114471 0.118692 0.110366 0.122226 0.128762 0.131498 0.129552 0.131551 0.112147 0.113496 0.120489 0.113976 0.118315 0.119205 0.132182 0.133622 
0.103619 0.112021 0.116008 0.124598 0.119317 0.141196 0.139051 0.136158 0.105401 0.113042 0.117829 0.124499 0.119681 0.123912 0.138682 0.134279 0.109624 0.116617 0.119924 0.126626 0.120441 0.125271 0.137823 0.133241 0.113177 0.119620 0.122386 0.129013 0.122571 0.126623 0.139983 0.134280 0.117615 0.124561 0.143755 0.133349 0.125622 0.113488 0.124508 0.135628 0.119618 0.127739 0.129925 0.119339 0.127333 0.115323 0.126819 0.137386 0.107318 0.114744 0.133197 0.122241 0.130440 0.118304 0.129142 0.138297 0.111080 0.118311 0.119322 0.124140 0.132631 0.119402 0.130196 0.139747 
0.101161 0.114092 0.139912 0.130652 0.135912 0.138106 0.148017 0.150834 0.099913 0.117091 0.124346 0.129632 0.131122 0.125663 0.129171 0.136985 0.111793 0.123715 0.136597 0.124656 0.133725 0.131855 0.132403 0.133817 0.118175 0.122471 0.129208 0.122647 0.125324 0.130807 0.124575 0.131360 0.103541 0.114165 0.119615 0.106215 0.110188 0.124440 0.124864 0.125862 0.109456 0.113248 0.125323 0.116216 0.129551 0.135537 0.129427 0.143569 0.111901 0.123075 0.130748 0.115921 0.134728 0.132168 0.141922 0.148215 0.105033 0.110009 0.110747 0.101058 0.111182 0.124240 0.123784 0.122089 
-0.176020 -0.002217 0.145252 0.058028 -0.026240 -0.081219 -0.138517 -0.387314 -0.152847 0.025170 0.184226 0.099109 0.011681 -0.032765 -0.089009 -0.339913 -0.123353 0.060984 0.069615 0.146510 0.059082 0.022010 -0.039502 -0.283033 -0.102286 0.086264 0.106483 0.038223 0.095949 0.059930 0.004739 -0.245112 -0.077005 -0.031507 0.137030 0.061396 0.133870 0.095744 0.045820 -0.196658 -0.065419 -0.012546 0.010836 0.083517 0.141243 0.107331 0.058460 -0.181911 -0.045405 0.009574 0.025582 0.097210 0.164417 0.119971 0.083740 -0.149257 -0.032765 0.020108 0.034009 -0.035304 0.172844 0.149465 0.100594 -0.122923 
0.093879 0.087998 0.049250 0.004622 -0.062148 0.004414 0.186317 0.381366 0.047867 0.025725 0.142797 -0.068029 0.013409 0.068900 0.239732 0.269968 0.133456 0.104742 0.055270 -0.007002 -0.097643 -0.055645 0.105501 0.284981 0.066341 0.029323 -0.030873 -0.099027 -0.041461 -0.005689 -0.011433 0.161129 -0.013575 -0.059934 0.023925 -0.053915 -0.157702 -0.130926 0.006348 0.009253 0.054023 -0.002022 -0.085743 -0.169811 -0.127120 -0.109339 -0.140684 0.020116 0.099482 0.029944 -0.066232 -0.161716 -0.128020 -0.118196 -0.160611 -0.006385 0.156702 0.079900 -0.030115 -0.134594 -0.269863 -0.267996 -0.154592 -0.011437 
0.119729 0.075688 -0.001384 -0.078456 0.053022 -0.068091 -0.222235 -0.343348 0.075688 0.075688 -0.023405 -0.089466 0.064032 -0.068091 -0.189204 -0.288297 0.064678 0.042657 -0.001384 -0.089466 0.064032 -0.046071 -0.145163 -0.222235 0.053667 0.053667 0.020637 -0.034415 0.097063 -0.013040 -0.090112 -0.134153 0.064678 0.097708 0.064678 -0.298014 0.163125 0.097063 0.031001 -0.243610 0.053667 0.097708 0.075688 -0.275994 0.240197 0.163125 0.152114 -0.133507 0.031647 0.097708 0.097708 0.064678 0.009626 -0.023405 -0.045425 0.031647 0.031647 0.086698 0.086698 0.075688 0.119729 0.042657 0.075688 0.152760 
0.083574 0.012676 -0.079925 0.117088 -0.000110 -0.117308 -0.004212 -0.157583 0.071999 0.009782 0.198114 0.092491 -0.023260 -0.159268 -0.054854 -0.214012 0.066211 -0.004687 0.170623 0.066447 -0.057986 0.088389 -0.096813 0.035092 0.069105 -0.022049 0.159048 0.041850 0.209927 0.050769 -0.132986 -0.009762 0.047401 -0.039412 -0.166738 0.011465 -0.131777 0.004469 -0.202436 -0.089341 0.031486 -0.065456 0.104066 -0.020366 0.124561 -0.043278 -0.254525 -0.145770 0.313865 0.214030 0.070788 -0.046410 0.086942 -0.092473 -0.009762 -0.212327 0.299396 0.195220 0.049084 -0.086923 0.050769 -0.125751 -0.051722 -0.245605 
0.122091 0.121410 0.110821 0.114796 0.118951 0.130048 0.132907 0.149055 0.120677 0.119564 0.118673 0.113263 0.118271 0.129012 0.133247 0.138964 0.117784 0.117103 0.117194 0.121638 0.117261 0.128736 0.132788 0.139790 0.116187 0.115414 0.115688 0.120591 0.126316 0.128736 0.132669 0.140259 0.123633 0.112742 0.113907 0.118626 0.123325 0.127122 0.133020 0.139848 0.121788 0.111199 0.121979 0.127562 0.122829 0.126820 0.132717 0.140371 0.119391 0.119509 0.120501 0.126148 0.122791 0.126140 0.132928 0.131684 0.118005 0.118003 0.119729 0.125468 0.132304 0.126269 0.133726 0.132639 
-0.111260 0.180004 0.108609 0.032657 -0.063042 0.170499 0.064166 0.293153 -0.162908 0.151142 0.066076 -0.002280 -0.108613 0.135561 0.020114 0.252139 0.166333 0.105571 0.025062 -0.050890 0.196323 0.088471 -0.048243 0.208087 0.108609 0.047848 -0.023547 -0.107094 0.155309 0.042900 -0.067990 0.157959 0.025062 -0.032661 -0.107094 -0.184565 0.059609 -0.034571 -0.160652 0.097197 -0.028104 -0.093423 -0.163299 0.105180 0.018595 -0.090776 -0.210780 0.039474 -0.078232 -0.154184 -0.248365 0.033785 -0.045205 -0.142423 0.089602 -0.016731 -0.148108 -0.233174 0.061128 -0.020900 -0.098371 -0.212299 0.039474 -0.080530 
-0.277941 -0.228602 -0.312978 -0.227137 -0.085443 -0.042889 0.108711 0.169150 -0.005926 -0.135515 -0.206593 -0.142028 -0.005654 0.028922 0.030848 0.080648 -0.017297 0.010765 -0.068291 -0.172017 -0.048941 -0.025004 -0.036376 0.002786 0.113026 -0.019224 -0.095620 -0.033716 -0.092228 -0.089568 -0.095620 -0.061779 0.120271 0.166950 0.074597 0.107245 0.075329 0.091287 0.045341 -0.097086 0.143475 0.176857 0.081842 0.127789 0.071937 0.066618 0.033968 -0.124415 0.209233 0.247934 0.155580 0.182908 0.097800 -0.065170 0.041215 -0.125148 0.227118 0.108167 0.021132 0.032503 -0.055265 -0.073882 -0.127808 -0.141839 
0.083385 -0.140902 0.051464 -0.041989 -0.158805 -0.261603 0.080284 0.005522 0.074039 -0.140902 0.070154 -0.041989 -0.126097 -0.210204 -0.327020 0.056921 0.060021 -0.117539 0.107535 -0.037317 -0.088715 -0.172823 -0.252258 0.108320 0.064694 -0.098848 0.112208 0.028100 -0.051334 -0.121424 -0.200859 0.164392 0.088057 -0.070812 0.163607 0.088845 -0.013953 -0.056007 -0.126097 -0.140114 0.092730 -0.075485 0.191642 0.107535 0.046791 -0.009281 -0.070025 -0.107406 0.092730 -0.042776 0.219678 0.140243 0.070154 0.046791 0.018755 -0.037317 0.092730 -0.014741 0.275750 0.163607 0.154261 0.098190 0.093517 0.046791 
0.031684 -0.090395 0.017502 -0.034081 0.161506 -0.044397 0.036416 0.143020 0.075963 -0.023764 -0.140685 0.058340 0.035988 0.054901 0.159786 0.051891 0.113362 0.011916 -0.079214 0.123251 -0.122199 -0.082653 0.029110 -0.068469 0.183431 0.094021 0.009769 0.208795 -0.017742 0.038999 -0.060300 0.078973 0.013208 -0.062447 -0.141540 -0.157015 0.320130 0.170967 0.109496 0.264244 0.124543 0.059205 -0.013011 -0.025047 0.012780 0.102190 0.037280 -0.025912 -0.009572 -0.078349 -0.123054 -0.129932 -0.074910 0.028255 -0.249437 -0.070617 0.118958 0.060497 -0.207306 -0.202148 -0.131651 -0.019889 -0.282106 -0.334980 
0.114688 0.120547 0.130012 0.135816 0.133545 0.136356 0.144662 0.134110 0.104410 0.109030 0.117268 0.121080 0.126886 0.129666 0.135962 0.123825 0.100493 0.115936 0.122853 0.124682 0.127616 0.127550 0.132546 0.120136 0.108049 0.111622 0.115373 0.127528 0.129604 0.128958 0.132543 0.117659 0.124605 0.123812 0.125925 0.125766 0.126357 0.136275 0.139661 0.137488 0.116611 0.113438 0.115414 0.114475 0.114312 0.125615 0.128917 0.126833 0.114424 0.123177 0.111576 0.122554 0.122197 0.132595 0.136267 0.123316 0.127287 0.123931 0.122638 0.132663 0.122580 0.133391 0.137316 0.136360 
0.230487 0.103453 0.043321 0.070556 0.056433 0.049910 0.145741 0.216246 0.261722 0.109576 0.031719 0.042707 0.000516 -0.034072 0.048466 0.111585 0.199682 0.022424 -0.083499 -0.011733 -0.099713 -0.063184 -0.001326 0.116663 0.134687 0.030027 -0.090668 -0.046967 -0.081556 -0.070138 0.062839 0.164580 0.161493 -0.068942 -0.152493 -0.048013 -0.087034 -0.029608 0.066440 0.166704 0.074341 -0.099747 -0.202499 -0.121655 -0.111714 -0.067582 0.101062 0.192463 0.049444 -0.068296 -0.203545 -0.146335 -0.090386 -0.068411 0.081029 0.144364 0.034890 -0.190899 -0.274233 -0.230317 -0.211297 -0.212956 -0.073855 0.070939 
0.298789 0.060312 -0.127048 -0.131490 -0.019150 -0.116847 -0.261502 -0.350600 0.242382 0.013827 -0.055619 -0.060061 0.066169 -0.022268 -0.158325 -0.248747 0.196558 -0.020092 -0.077633 -0.069508 0.063996 -0.013859 -0.144625 -0.225787 0.234918 0.032157 -0.118166 -0.094829 0.151299 0.076090 -0.045417 -0.120626 0.065226 -0.023588 -0.051366 -0.113537 0.133253 0.168684 0.061066 -0.111556 0.089698 0.012788 0.000222 -0.057980 0.109916 0.154606 0.052942 -0.115051 0.024693 0.058424 0.057763 0.012788 0.092532 0.155740 0.063335 -0.096721 0.041228 -0.015840 -0.003935 -0.039650 0.163300 0.131742 0.051903 -0.100216 
0.046818 -0.033797 -0.055294 -0.033797 -0.064425 -0.152551 -0.158445 -0.002041 -0.005307 -0.088609 -0.131604 0.011885 -0.032179 -0.147177 -0.057951 0.098452 -0.033247 -0.121923 -0.056363 -0.053676 -0.026805 -0.011750 -0.084823 0.185510 -0.077311 -0.046683 -0.121923 0.002754 0.010815 -0.003689 0.037168 0.139829 0.203222 0.082300 -0.014437 -0.076242 -0.062806 -0.104182 0.140348 0.343504 0.204840 0.073170 -0.039691 -0.104182 -0.120305 -0.071937 0.023732 0.327381 0.097904 0.090911 -0.040759 -0.113312 -0.175117 -0.145558 0.037168 0.308571 0.243010 0.079093 -0.066013 -0.152002 -0.118687 -0.118687 0.037168 0.270950 
0.144670 0.259906 0.135222 0.246257 0.114968 0.171386 0.221802 0.241008 0.138668 0.001980 0.128019 -0.021874 0.077757 0.138376 0.170186 0.189392 -0.130662 -0.020827 0.108213 -0.050683 0.039345 0.081358 0.116169 0.117969 -0.142065 -0.034632 0.086006 -0.088495 -0.007470 0.032142 0.054349 0.047747 -0.173275 -0.080246 -0.219937 -0.148514 -0.071690 -0.047082 -0.041681 -0.065688 -0.217089 -0.125860 -0.037032 -0.221137 -0.161118 -0.140111 -0.147314 0.086006 -0.032985 0.045639 -0.118058 -0.059839 -0.019627 -0.014225 -0.024428 -0.051437 -0.094805 -0.014980 -0.191881 -0.143866 -0.118658 -0.111456 0.117662 0.080450 
0.250572 0.016429 -0.206931 -0.106441 0.076842 0.125359 0.125359 0.084928 0.213599 -0.031325 -0.251990 -0.151500 0.160398 0.198133 0.021002 0.117273 0.211666 -0.033258 -0.267400 -0.172301 0.123425 0.123425 0.077604 0.004830 0.180084 -0.054058 -0.304373 -0.206578 0.043327 0.037936 -0.021361 -0.102222 0.017191 -0.061382 -0.174996 -0.125718 -0.028686 0.102625 0.166551 -0.077964 -0.030563 0.030259 -0.091440 -0.058334 0.019831 0.134969 0.040632 -0.061792 0.104204 -0.006713 -0.136499 -0.124956 0.084519 0.175399 0.056804 -0.064487 0.048365 0.084928 -0.074506 -0.073744 -0.046791 0.038698 0.064890 -0.072573 
-0.066705 -0.088982 -0.122397 -0.155812 -0.169735 -0.166950 -0.164166 -0.164166 -0.083413 -0.119612 -0.147458 -0.175304 -0.178089 -0.186442 -0.183658 -0.175304 -0.063921 -0.091767 -0.122397 -0.150243 -0.155812 -0.161381 -0.147458 -0.153027 0.090915 0.068638 0.054715 0.032439 0.021300 0.018516 0.018516 0.040792 0.219005 0.207867 0.199513 0.171668 0.180021 0.166098 0.163314 0.168883 0.129317 0.126532 0.104256 0.093117 0.093117 0.079194 0.056918 0.065271 0.120381 0.142658 0.139874 0.131520 0.123166 0.092536 0.100889 0.086967 -0.026683 -0.007191 0.001163 -0.004406 0.009517 -0.018329 -0.029467 -0.046175 
0.108151 0.119465 0.118111 0.129684 0.124527 0.135504 0.134251 0.143859 0.122110 0.113198 0.111303 0.122660 0.135675 0.127046 0.124731 0.133932 0.114761 0.125402 0.122572 0.113921 0.125405 0.116516 0.133121 0.122461 0.110547 0.119350 0.116630 0.126045 0.118273 0.127478 0.124183 0.131100 0.124465 0.112774 0.127415 0.116215 0.127577 0.135763 0.131643 0.138776 0.120331 0.127577 0.121234 0.130401 0.139310 0.127751 0.141955 0.128763 0.114081 0.120619 0.113977 0.121738 0.129873 0.136997 0.131383 0.137350 0.110764 0.116264 0.128049 0.115220 0.122408 0.129363 0.122577 0.127484 
0.105340 0.113663 0.123368 0.126172 0.139824 0.142063 0.131353 0.135672 0.101829 0.115645 0.120148 0.116679 0.126065 0.131657 0.132251 0.127298 0.105876 0.115020 0.125105 0.116521 0.132121 0.129722 0.131244 0.127825 0.097403 0.109976 0.116562 0.122058 0.130549 0.128604 0.132750 0.130105 0.125923 0.115412 0.127720 0.127419 0.116026 0.117796 0.142532 0.135976 0.125771 0.108811 0.123202 0.124297 0.114927 0.116844 0.130013 0.131153 0.131367 0.116766 0.123288 0.126337 0.119809 0.120025 0.131470 0.130179 0.139313 0.125824 0.135103 0.130288 0.122040 0.121517 0.140353 0.137963 
0.114398 0.114710 0.110170 0.133374 0.125496 0.121613 0.119898 0.116546 0.113036 0.120942 0.115054 0.136415 0.133361 0.126966 0.122055 0.124561 0.116044 0.122534 0.114174 0.133603 0.135701 0.135015 0.126210 0.125769 0.116500 0.121872 0.120940 0.138106 0.136932 0.133617 0.130155 0.126611 0.119791 0.123932 0.120729 0.135567 0.133789 0.135330 0.136942 0.129776 0.110288 0.114199 0.119269 0.132698 0.128000 0.127492 0.135452 0.134493 0.104239 0.108053 0.111772 0.124451 0.125842 0.131795 0.136312 0.133223 0.103293 0.106871 0.110222 0.130597 0.129972 0.133912 0.136177 0.130384 
0.323822 0.096139 0.196527 0.365607 -0.053703 0.037926 -0.000674 0.080899 0.186834 -0.062451 0.020695 0.181359 -0.037154 -0.128190 0.021442 0.109745 0.048566 -0.015607 -0.121772 0.216686 -0.001843 -0.099698 0.058208 0.149882 0.087474 -0.164593 -0.086922 0.064861 -0.156562 -0.071605 -0.096043 -0.006650 0.143434 -0.102268 -0.023430 0.116898 -0.122926 -0.201871 -0.052809 0.054394 0.026818 -0.030882 0.028859 0.178900 -0.054882 -0.151297 -0.003112 0.071009 -0.059978 -0.134491 -0.057238 0.264630 -0.139705 -0.077222 -0.115713 -0.051041 -0.003250 -0.251059 0.029283 0.173467 -0.060739 -0.026810 -0.083548 -0.023167 
0.122491 0.119561 0.113431 0.118614 0.122752 0.124255 0.119225 0.112664 0.125156 0.120523 0.117501 0.123792 0.130050 0.130225 0.128738 0.122603 0.121744 0.119971 0.121505 0.129930 0.134276 0.133935 0.135251 0.131821 0.116363 0.119786 0.119671 0.127240 0.134009 0.132958 0.133014 0.129669 0.115729 0.118070 0.120148 0.130611 0.133861 0.135430 0.133837 0.132598 0.109800 0.114126 0.120673 0.129759 0.132611 0.137116 0.135459 0.132768 0.101471 0.110086 0.116023 0.124539 0.132362 0.133236 0.137709 0.134793 0.094137 0.104824 0.112705 0.122173 0.127863 0.132427 0.135820 0.132225 
0.192325 0.110772 0.096306 0.220377 0.065172 0.083677 -0.118565 -0.066491 0.292968 -0.017964 -0.046013 0.115648 -0.026331 0.017460 0.065101 -0.062548 0.080055 0.020463 0.000668 0.145020 0.044740 0.143128 -0.011927 0.125685 0.184475 -0.130352 0.105608 0.267011 -0.019584 0.070986 -0.004743 0.163259 -0.052068 -0.094739 -0.077031 -0.096627 -0.156367 0.025841 -0.001510 -0.201206 0.051670 0.003452 -0.173037 -0.148935 -0.146790 0.070719 0.092714 -0.276672 0.038081 0.013603 -0.121559 -0.068604 -0.218193 0.061185 0.158623 -0.181084 0.066107 0.087537 -0.021680 -0.168804 0.018133 0.090589 -0.005824 -0.285441 
0.110998 0.109808 0.105051 0.121026 0.130349 0.123941 0.134655 0.127793 0.103506 0.122614 0.117624 0.132501 0.121465 0.134799 0.144701 0.137747 0.113764 0.112102 0.127610 0.121379 0.131380 0.143474 0.133294 0.124333 0.106549 0.104933 0.119412 0.112594 0.121814 0.135159 0.123932 0.137098 0.116148 0.134902 0.129154 0.143682 0.129898 0.143706 0.133437 0.125047 0.130722 0.127794 0.120406 0.135337 0.123543 0.135340 0.124316 0.117232 0.121587 0.118576 0.112396 0.125672 0.135363 0.125568 0.115669 0.127590 0.115287 0.113923 0.128036 0.120510 0.127770 0.119818 0.128751 0.120550 
-0.274618 -0.305059 -0.292495 -0.284232 -0.146077 0.000678 0.175925 0.220206 -0.120736 -0.047627 -0.131625 -0.112610 -0.061879 -0.010610 0.175925 0.226657 0.022395 0.001629 0.031396 -0.044002 -0.076931 0.084877 0.187214 0.246009 -0.021686 0.065938 0.002905 0.035358 0.015331 0.086489 0.193127 0.268587 0.038859 0.041210 -0.009459 -0.064429 0.016944 0.003904 0.026882 0.212880 0.022732 0.020245 -0.018060 -0.066042 -0.067792 -0.072230 0.053760 0.148572 0.005530 0.017557 -0.015910 -0.050452 -0.144465 -0.145677 -0.005172 0.086951 -0.001458 0.017019 -0.007847 -0.038626 -0.117049 -0.110197 -0.071093 0.127269 
0.013541 0.021350 0.017676 0.130474 0.006233 -0.075137 -0.287809 -0.307363 0.024710 0.006381 0.089811 0.074395 0.024800 -0.089146 -0.211337 -0.253837 0.065198 0.032331 0.085485 0.140464 0.053754 -0.084316 -0.129883 -0.205518 0.056288 0.117936 0.146716 0.080540 -0.065827 -0.116676 -0.073767 -0.175819 0.175172 0.202584 0.190608 0.085448 -0.071292 -0.062825 -0.071727 -0.187747 0.221713 0.221439 0.183539 0.049710 -0.141971 -0.035238 -0.077118 -0.085785 0.168580 0.138254 0.062488 0.017281 -0.106670 -0.025626 0.031911 -0.000775 0.187517 0.135443 0.031048 -0.041911 -0.091691 -0.038591 0.013175 -0.037021 
0.109362 0.118535 0.126041 0.138668 0.136051 0.130757 0.134975 0.148337 0.108807 0.109662 0.121477 0.135997 0.138466 0.133635 0.128141 0.140517 0.107620 0.111756 0.125685 0.133429 0.126751 0.121119 0.125437 0.138144 0.105496 0.110800 0.118937 0.125914 0.120906 0.114817 0.120464 0.130295 0.111148 0.111704 0.120370 0.119349 0.123186 0.117816 0.111295 0.130273 0.117043 0.117487 0.128014 0.124975 0.121073 0.123119 0.124833 0.129737 0.112022 0.123898 0.123175 0.122580 0.124994 0.126675 0.133762 0.137179 0.122842 0.123619 0.123474 0.131310 0.135048 0.132442 0.138478 0.137112 
-0.114704 -0.146473 -0.252525 -0.129081 -0.147363 -0.125830 -0.226538 -0.093256 -0.030976 -0.088222 -0.050301 0.039420 -0.037309 -0.030762 -0.012976 -0.063379 -0.048507 0.036721 0.045415 0.089428 0.124450 0.084535 0.083588 0.153930 -0.152961 -0.089467 0.036974 0.067500 0.058308 -0.019821 0.108969 0.158325 -0.037013 -0.030466 0.018793 0.003607 -0.021319 0.022795 0.102125 0.277470 -0.220898 -0.076373 -0.057839 -0.108243 -0.004930 0.025692 0.048076 0.205437 -0.190372 -0.086314 -0.097752 -0.025163 0.024943 0.020350 0.177711 0.305849 -0.244522 0.001262 0.108317 -0.012524 0.146336 -0.056184 0.092186 0.363548 
0.124987 0.131402 0.128362 0.136620 0.125875 0.129936 0.136168 0.153206 0.124722 0.129399 0.124915 0.130754 0.140641 0.144571 0.148937 0.140107 0.118314 0.122577 0.138470 0.119770 0.126867 0.127628 0.131509 0.121808 0.115228 0.115871 0.129998 0.107350 0.115605 0.113123 0.115854 0.103361 0.106496 0.128772 0.115805 0.115915 0.119535 0.115558 0.117245 0.126586 0.122089 0.118149 0.127825 0.123634 0.124984 0.119534 0.119204 0.127767 0.128323 0.122584 0.128440 0.125766 0.120993 0.113572 0.134668 0.119427 0.116015 0.130614 0.136250 0.128914 0.124912 0.115276 0.110738 0.116472 
0.108791 0.113107 0.112216 0.105653 0.112890 0.127066 0.130274 0.126421 0.119084 0.121884 0.120798 0.113254 0.119696 0.133716 0.135603 0.131628 0.119839 0.123082 0.121835 0.124277 0.129225 0.141278 0.142964 0.137229 0.122861 0.125314 0.123177 0.125030 0.139381 0.140065 0.140568 0.134236 0.118307 0.120009 0.126664 0.127753 0.129429 0.140064 0.140296 0.133371 0.114323 0.114248 0.109788 0.121161 0.134044 0.133375 0.132509 0.125144 0.101099 0.112233 0.117634 0.117375 0.129485 0.128273 0.126633 0.117960 0.110650 0.109691 0.114487 0.123517 0.135486 0.133412 0.131729 0.122700 
-0.097376 -0.153003 -0.215583 -0.272948 -0.031275 -0.081687 -0.135575 -0.165996 0.023438 -0.029581 -0.087815 -0.128666 -0.189508 -0.247742 -0.303369 -0.022584 0.171197 0.119047 0.068635 0.023438 -0.021759 -0.077385 -0.126928 -0.157349 -0.037446 -0.088727 0.179888 0.137299 0.097317 0.046036 0.007793 -0.018282 0.085976 0.057293 0.014704 -0.025278 -0.069605 -0.110456 -0.146092 0.134692 0.184192 0.154640 0.118135 0.086845 0.034695 0.006882 -0.022670 -0.053960 -0.012284 -0.040098 0.235473 0.198099 0.152902 0.123350 0.085107 0.071200 0.062464 0.032912 0.002492 -0.024453 -0.078341 0.201575 0.177238 0.158986 
0.118229 0.119974 0.123228 0.125313 0.122144 0.118205 0.140850 0.135025 0.118253 0.120275 0.123894 0.125749 0.124082 0.119440 0.142524 0.135399 0.117027 0.119396 0.123450 0.126339 0.125079 0.121900 0.143666 0.137319 0.115683 0.117467 0.122867 0.126373 0.125423 0.122849 0.145360 0.139694 0.115629 0.118867 0.124628 0.129394 0.127927 0.126432 0.121785 0.116846 0.114209 0.117035 0.123073 0.128051 0.127901 0.127111 0.122842 0.116541 0.112957 0.115740 0.122593 0.127138 0.127697 0.127190 0.123421 0.118148 0.112352 0.116521 0.122784 0.127383 0.128221 0.127907 0.124250 0.148809 
0.028986 0.010486 -0.010387 -0.025279 -0.070081 -0.092461 -0.108463 -0.121643 0.102619 0.097948 0.089831 0.078362 0.041216 0.032242 0.024193 0.020089 0.211322 0.214420 -0.077478 -0.080114 -0.094699 -0.103608 -0.095929 -0.097471 0.290967 0.007851 0.018323 0.026526 0.021700 -0.265635 -0.256688 -0.243126 0.095950 0.118698 0.148272 -0.122989 -0.116792 -0.103819 -0.073700 -0.059015 0.189110 0.229210 -0.025700 0.006720 0.027499 0.055647 -0.196117 -0.176008 0.043059 0.094441 0.142570 0.180770 -0.065769 -0.026050 0.022002 -0.239197 0.159381 0.218518 -0.011301 0.040457 0.091807 0.140113 -0.093547 -0.052131 
0.133625 0.121198 0.115244 0.129088 0.133045 0.147888 0.139942 0.129967 0.130686 0.119145 0.114202 0.129012 0.135823 0.135668 0.130110 0.136700 0.127598 0.116508 0.111637 0.129516 0.136290 0.140506 0.135017 0.126789 0.124952 0.101612 0.113734 0.116999 0.127355 0.131411 0.127847 0.122500 0.137118 0.115012 0.115819 0.120839 0.130719 0.137790 0.123453 0.119481 0.124862 0.118995 0.107228 0.115818 0.125821 0.134216 0.120202 0.117011 0.126301 0.108012 0.113289 0.125923 0.122164 0.132779 0.119001 0.117282 0.130027 0.113999 0.108140 0.120856 0.137312 0.135079 0.123297 0.106528 
0.050360 0.167048 -0.021075 0.082209 0.197320 0.252510 0.305729 0.340420 0.022765 0.146549 -0.043546 0.071959 0.185494 0.248174 -0.018793 0.024571 -0.006801 0.114617 -0.060891 0.042393 -0.153615 -0.083444 -0.019976 0.026148 -0.034790 0.086234 -0.089275 0.015981 -0.176479 -0.104338 -0.031802 0.020234 -0.090375 0.033409 -0.149196 -0.039998 0.094824 0.170908 -0.068858 -0.006178 -0.129008 0.003843 -0.179156 -0.061285 0.061710 0.146466 -0.087781 -0.019581 -0.163305 -0.033608 -0.209511 -0.092429 0.029384 0.120054 -0.106703 -0.045600 -0.189717 -0.063174 -0.239077 -0.123572 0.003366 0.088517 -0.134298 -0.066099 
0.144758 0.140161 0.142456 0.112504 0.129849 0.136587 0.129462 0.124367 0.131394 0.136503 0.136796 0.118760 0.120753 0.125081 0.118325 0.126384 0.122570 0.138923 0.134109 0.126282 0.126127 0.115904 0.120166 0.127645 0.123422 0.137486 0.143980 0.119251 0.115872 0.118560 0.107327 0.127056 0.113214 0.132869 0.141900 0.129370 0.124016 0.111163 0.109625 0.115907 0.106187 0.136857 0.144565 0.127666 0.133272 0.116726 0.114205 0.118063 0.106359 0.122396 0.139692 0.131622 0.133006 0.124859 0.105514 0.107589 0.090529 0.116016 0.129087 0.133805 0.131156 0.119596 0.111005 0.109336 
0.086972 0.322870 0.115400 0.303878 0.056395 0.156698 0.165121 -0.165350 0.112906 -0.025654 0.145779 -0.049836 0.094925 0.193005 0.205133 -0.134971 0.163292 0.022508 0.188014 -0.000932 0.151238 -0.142925 -0.130056 -0.080139 -0.187456 0.056593 -0.158287 0.047231 -0.192101 -0.093280 -0.091526 -0.035681 -0.159299 0.076599 -0.133836 0.065014 -0.168391 -0.067347 -0.070779 -0.014934 -0.151149 0.081045 -0.124944 0.067978 -0.158017 -0.055491 -0.044845 0.000626 -0.129660 0.098828 -0.110866 0.087243 -0.133565 -0.032521 -0.014466 0.042120 -0.117805 0.115870 -0.104197 0.107990 -0.110595 -0.003623 0.010727 0.075464 
0.114459 0.115068 0.118794 0.124999 0.125742 0.125057 0.118873 0.121780 0.112954 0.123327 0.122111 0.124366 0.121467 0.129774 0.123899 0.123934 0.112106 0.120437 0.120056 0.119086 0.124095 0.127317 0.119421 0.113598 0.126446 0.124027 0.125215 0.127810 0.135279 0.128959 0.119213 0.114966 0.111466 0.114321 0.117731 0.121639 0.135195 0.137250 0.140010 0.136199 0.119403 0.123688 0.119500 0.122150 0.135936 0.143494 0.144323 0.132738 0.120957 0.115665 0.115705 0.117373 0.138987 0.141929 0.128774 0.125496 0.132002 0.127344 0.126398 0.117663 0.138384 0.128570 0.131073 0.116997 
0.107699 0.114979 0.120097 0.122365 0.126602 0.128455 0.129611 0.134752 0.111521 0.121625 0.121878 0.122105 0.126300 0.127937 0.128802 0.133893 0.113836 0.122006 0.122184 0.122327 0.126132 0.125893 0.133307 0.133425 0.115700 0.123754 0.123957 0.122292 0.125913 0.125200 0.132580 0.132831 0.117656 0.125827 0.124063 0.122423 0.124161 0.125548 0.130828 0.130563 0.117305 0.120718 0.123861 0.122071 0.128849 0.125304 0.130451 0.130278 0.114063 0.122417 0.120952 0.119329 0.130838 0.125485 0.130616 0.136883 0.115411 0.123732 0.122476 0.121027 0.130603 0.129849 0.130231 0.136672 
-0.268908 -0.049900 -0.187059 -0.025902 0.100820 -0.255344 0.031949 -0.080998 -0.165602 0.025858 -0.118188 0.055365 0.165558 -0.205757 0.080159 -0.035544 -0.067806 0.133296 -0.030034 0.138010 -0.142396 -0.142396 0.118726 0.008533 0.029990 -0.155378 0.052610 0.198616 -0.087300 -0.101074 0.166935 0.047101 -0.232513 -0.042431 0.151784 -0.098319 -0.021184 -0.034959 0.208258 0.081536 -0.137472 0.036082 -0.153416 -0.026694 0.021515 -0.010165 0.237183 0.089800 -0.050695 0.111839 -0.091432 0.029780 0.050441 0.020138 0.255090 0.103575 0.008533 -0.196115 -0.034959 0.050441 0.068347 0.028402 0.246825 0.102197 
